ES=00A7 BX=0026 [ES:BX+6A]=1482

-- SysVars segment, ES:0000..01FF --
0000: 00 00 00 00 01 00 00 00 00 00 00 00 00 00 00 00 
0010: 00 00 00 00 FF FF FF FF A9 26 03 00 01 00 FF FF 
0020: FF FF 00 00 0A 02 EA 15 A7 00 CE 00 A7 00 5A 00 
0030: 70 00 24 00 70 00 80 00 00 00 00 00 00 00 7E 03 
0040: 00 00 74 03 00 00 04 04 00 00 DB 02 04 80 C6 0D 
0050: CC 0D 4E 55 4C 20 20 20 20 20 00 00 00 00 00 00 
0060: 00 AB 73 DC 06 00 00 00 00 03 01 00 04 00 00 00 
0070: 00 00 00 00 00 00 00 00 00 00 00 00 00 00 00 00 
0080: 00 FF FF 00 00 00 00 00 00 00 20 0D FF 9F 0A 02 
0090: 82 14 D3 28 2E FE D7 28 2E FE D7 28 2E FE D3 28 
00A0: 2E FE D3 28 2E FE D3 28 2E FE D3 28 2E FE D3 28 
00B0: 2E FE D7 28 2E FE D3 28 2E FE D3 28 2E FE D3 28 
00C0: 2E FE D7 28 2E FE D3 28 2E FE D3 28 2E FE 00 00 
00D0: 2A 03 05 00 06 00 02 00 00 C0 00 36 00 70 00 00 
00E0: 00 00 00 00 00 00 00 00 00 00 00 00 00 00 00 F5 
00F0: 8D 00 00 00 00 11 00 02 00 00 D3 00 24 00 70 00 
0100: 00 00 00 00 00 00 00 00 00 00 00 00 00 00 00 00 
0110: F5 8D 14 00 00 00 06 00 01 00 00 C0 00 48 00 70 
0120: 00 00 00 00 00 00 00 00 00 00 00 00 00 00 00 00 
0130: 00 F5 8D 00 00 00 00 02 00 00 00 00 00 04 00 00 
0140: 00 00 00 00 00 00 00 00 00 00 00 00 00 00 00 00 
0150: 00 00 0F 04 04 00 00 00 02 00 00 00 00 00 04 00 
0160: 00 00 00 00 00 00 00 00 00 00 00 00 00 00 00 00 
0170: 00 00 00 0F 04 08 00 00 00 00 00 00 00 00 00 00 
0180: 00 00 00 00 00 00 00 00 00 00 00 00 00 00 00 00 
0190: 00 00 00 00 00 00 00 00 00 00 00 00 00 00 00 00 
01A0: 00 00 00 00 00 00 00 00 00 00 00 00 00 00 00 00 
01B0: 00 00 00 00 00 00 00 00 00 00 00 00 00 00 00 00 
01C0: 00 00 00 00 00 00 00 00 00 00 00 00 00 00 00 00 
01D0: 00 00 00 00 00 00 00 00 00 00 00 00 00 00 00 00 
01E0: 00 00 00 00 00 00 00 00 00 00 00 00 00 00 00 00 
01F0: 00 00 00 00 00 00 00 00 00 00 00 27 00 00 00 00 

-- the [ES:BX+6A] sub-structure --
1482: 47 00 A7 00 3C 00 A7 00 F3 13 A7 00 38 03 A7 00 
1492: 32 03 A7 00 12 06 A7 00 25 03 A7 00 CA 13 A7 00 
14A2: CE 00 A7 00 26 03 A7 00 28 03 A7 00 1E 50 B8 40 
14B2: 00 8E D8 9F F7 06 14 03 00 24 75 0C F0 81 26 14 
